0 1.4 14.238298688616071 28.2888519172213 116.215087890625 5.073974609375 0 0
10 2.3 10.411122197690217 16.207640688503716 116.215087890625 4.9990234375 14.238298688616071 14
20 1.9 6.231946443256579 0.5098390518952578 116.215087890625 4.9990234375 11.859243032094595 37
30 2.3 6.293425186820653 0.6260240636454827 116.215087890625 4.9990234375 9.949981689453125 56
40 1.5 6.499772135416666 0.41984507218653433 116.215087890625 4.9990234375 8.885414606408228 79
50 1.7 10.808464499080882 6.946826482363336 116.215087890625 4.9990234375 8.50472697805851 94
60 1 6.9406494140625 0.649163765076489 116.215087890625 4.9990234375 8.857551643440315 111
70 0.6 7.8131103515625 1.5083675960430607 116.215087890625 4.9990234375 8.699129971590908 121
80 0.7 8.050048828125 2.829359003631097 116.215087890625 4.9990234375 8.657270776943898 127
90 0.7 8.155552455357142 4.587145307549743 116.215087890625 4.9990234375 8.625550227378731 134
100 0.3 7.853759765625 1.9461181994372092 116.215087890625 4.9990234375 8.602217004654255 141
102 0 0 0 116.215087890625 4.9990234375 8.586624145507813 144
