0 0.5 14.46591796875 27.411991898750074 69.289794921875 0.68896484375 0 0
10 1.1 0.7002840909090909 0.05777836879128987 69.289794921875 0.5478515625 14.46591796875 5
20 1.1 0.7329323508522727 0.11192628118870243 69.289794921875 0.5478515625 5.002044677734375 16
30 1.6 0.704681396484375 0.07055600043933656 69.289794921875 0.5478515625 3.2627766927083335 27
40 1.9 0.6867290296052632 0.069121292826199 69.289794921875 0.5478515625 2.3109272801598837 43
50 1.8 0.6562635633680556 0.042205385429528515 69.289794921875 0.5478515625 1.8131891066028225 62
60 2.8 0.6790945870535714 0.05827361904562 69.289794921875 0.5478515625 1.552880859375 80
70 4.8 0.7245890299479164 0.4242144194925022 69.289794921875 0.5478515625 1.326343677662037 108
80 2.7 0.6743525752314815 0.037165175082009866 69.289794921875 0.5478515625 1.1411884014423077 156
90 7.1 0.6454149702904931 0.05044293132071559 69.289794921875 0.5478515625 1.0723109844603824 183
100 8.4 0.6686808268229167 0.07392765225250464 69.289794921875 0.5419921875 0.952981783649114 254
110 8.3 0.7103315606174697 0.5973137842120357 69.289794921875 0.535888671875 0.8823271079881657 338
120 12.7 0.6547409418061021 0.13216832089370542 69.289794921875 0.535888671875 0.8484182471051069 421
130 13.3 0.6760749530075191 0.21310945465104486 69.289794921875 0.535888671875 0.803533178176323 548
140 16.4 0.7943561833079271 1.7852457753134598 69.289794921875 0.52294921875 0.7786404557865272 681
150 19.4 0.6600140443782213 0.22835831025365794 69.289794921875 0.52294921875 0.7816906088202663 845
160 19 0.7241467927631576 0.5268921796351097 69.289794921875 0.52294921875 0.7589714042949952 1039
170 19.2 0.6727244059244795 0.3690813662534941 69.289794921875 0.52294921875 0.7535876156936534 1229
180 26.3 0.6823851146625477 0.47365417189644854 69.289794921875 0.52294921875 0.7426616929099226 1421
190 45.9 0.6639375042551743 0.5033646757374857 69.289794921875 0.52294921875 0.7332479517703385 1684
200 51.5 0.6360640738774271 0.2235805568063256 69.289794921875 0.52294921875 0.7184026435998017 2143
210 52.5 0.6250851004464277 0.08437881138949715 69.289794921875 0.4580078125 0.7024491584955794 2658
220 60.1 0.743229058340266 0.9584948004442916 69.289794921875 0.4580078125 0.6896888284686223 3183
230 66.9 0.6545311624159197 0.6172965284441522 69.289794921875 0.4580078125 0.6981924432024643 3784
240 64.9 0.7008852260689522 0.6535978479742053 69.289794921875 0.4580078125 0.6916329559250787 4453
250 55.5 0.6774048951295045 0.30575401901268956 69.289794921875 0.4580078125 0.6928098911119415 5102
260 17.9 0.6332298577164807 0.10091721851436349 69.289794921875 0.4580078125 0.6912985294767545 5657
270 11.1 0.6593820382882883 0.17983161437714554 69.289794921875 0.4580078125 0.6895174650070682 5836
280 11.8 0.659390724311441 0.24965475156738318 69.289794921875 0.4580078125 0.6889549910931982 5947
290 10.2 0.68929993872549 0.3414830613921506 69.289794921875 0.4580078125 0.6883797918384171 6065
300 8.8 0.8026261763139204 1.4552957935728672 69.289794921875 0.4580078125 0.6883950107426625 6167
310 10.1 0.734196124690594 0.49380792345579344 69.289794921875 0.4580078125 0.690002099882594 6255
320 7.5 0.6416308593749999 0.05744448483529424 69.289794921875 0.4580078125 0.6907043649086493 6356
