0 0.1 0.7909014802361937 0 0.7909014802361937 0.7909014802361937 0 0
10 0.1 0.24841634579555336 0.0 0.7909014802361937 0.24841634579555336 0.7909014802361937 1
20 0.1 0.1737835153922542 0.0 0.7909014802361937 0.1737835153922542 0.5196589130158735 2
30 0.1 0.2111276701440636 0.0 0.7909014802361937 0.1737835153922542 0.40436711380800044 3
40 0.1 0.22349143282840825 0.0 0.7909014802361937 0.1737835153922542 0.35605725289201623 4
50 0.1 0.21115389392622036 0.0 0.7909014802361937 0.1737835153922542 0.32954408887929465 5
60 0.1 0.285466054362666 0.0 0.7909014802361937 0.1737835153922542 0.30981238972044894 6
70 0.1 0.2609019754006709 0.0 0.7909014802361937 0.1737835153922542 0.3063343418121942 7
80 0.1 0.49677098857426727 0.0 0.7909014802361937 0.1737835153922542 0.3006552960107538 8
90 0.1 0.6077896303646738 0.0 0.7909014802361937 0.1737835153922542 0.3224459285178109 9
100 0.1 0.6833146974779476 0.0 0.7909014802361937 0.1737835153922542 0.35098029870249714 10
110 0.1 0.7959209053600298 0.0 0.7959209053600298 0.1737835153922542 0.38119251677299265 11
120 0.1 0.8330225040407807 0.0 0.8330225040407807 0.1737835153922542 0.4157532158219124 12
130 0.1 1.15527950310559 0.0 1.15527950310559 0.1737835153922542 0.4478508533772099 13
140 0.1 1.3804253202338017 0.0 1.3804253202338017 0.1737835153922542 0.49838147121495135 14
150 0.1 1.5290900049726504 0.0 1.5290900049726504 0.1737835153922542 0.5571843944828747 15
160 0.1 1.8294959551960175 0.0 1.8294959551960175 0.1737835153922542 0.6179284951384857 16
170 0.1 2.025347912524851 0.0 2.025347912524851 0.1737835153922542 0.689197169259517 17
180 0.1 2.017183414269705 0.0 2.025347912524851 0.1737835153922542 0.7634277661075911 18
190 0.1 2.3273179838207843 0.0 2.3273179838207843 0.1737835153922542 0.8294149054845444 19
200 0.1 3.040119611263394 0.0 3.040119611263394 0.1737835153922542 0.9043100594013564 20
210 0.1 3.1281281281281283 0.0 3.1281281281281283 0.1737835153922542 1.0060152761566914 21
220 0.1 3.2407407407407405 0.0 3.2407407407407405 0.1737835153922542 1.1024749512463021 22
230 0.1 3.754693366708386 0.0 3.754693366708386 0.1737835153922542 1.1954430290504081 23
240 0.1 4.2885721430357595 0.0 4.2885721430357595 0.1737835153922542 1.3020784597861572 24
250 0.1 4.200100300902708 0.0 4.2885721430357595 0.1737835153922542 1.421538207116141 25
260 0.1 4.049844236760125 0.0 4.2885721430357595 0.1737835153922542 1.528405979954086 26
270 0.1 2.7027027027027026 0.0 4.2885721430357595 0.1737835153922542 1.6217925820580132 27
280 0.1 1.7432449259120908 0.0 4.2885721430357595 0.1737835153922542 1.6603965149381807 28
290 0.1 1.3424487259167184 0.0 4.2885721430357595 0.1737835153922542 1.6632533566959016 29
300 0.1 1.2431626056688214 0.0 4.2885721430357595 0.1737835153922542 1.6525598690032621 30
310 0.1 1.0942551604078588 0.0 4.2885721430357595 0.1737835153922542 1.6393535056698931 31
320 0.1 1.0675273088381332 0.0 4.2885721430357595 0.1737835153922542 1.6223191823804546 32
