0 0.1 29468.53125 0 29468.53125 29468.53125 0 0
10 0.1 29466.1015625 0.0 29468.53125 29466.1015625 29468.53125 1
20 0.1 29462.95703125 0.0 29468.53125 29462.95703125 29467.31640625 2
30 0.1 29460.66015625 0.0 29468.53125 29460.66015625 29465.86328125 3
40 0.1 29460.0234375 0.0 29468.53125 29460.0234375 29464.5625 4
50 0.1 29459.80859375 0.0 29468.53125 29459.80859375 29463.6546875 5
60 0.1 29459.9375 0.0 29468.53125 29459.80859375 29463.013671875 6
70 0.1 29456.33984375 0.0 29468.53125 29456.33984375 29462.57421875 7
80 0.1 29449.234375 0.0 29468.53125 29449.234375 29461.794921875 8
90 0.1 29445.89453125 0.0 29468.53125 29445.89453125 29460.399305555555 9
100 0.1 29441.21875 0.0 29468.53125 29441.21875 29458.948828125 10
110 0.1 29433.56640625 0.0 29468.53125 29433.56640625 29457.337002840908 11
120 0.1 29426.66015625 0.0 29468.53125 29426.66015625 29455.356119791668 12
130 0.1 29421.2265625 0.0 29468.53125 29421.2265625 29453.14873798077 13
140 0.1 29417.90625 0.0 29468.53125 29417.90625 29450.868582589286 14
150 0.1 29395.78515625 0.0 29468.53125 29395.78515625 29448.67109375 15
160 0.1 29380.71484375 0.0 29468.53125 29380.71484375 29445.36572265625 16
170 0.1 29379.41796875 0.0 29468.53125 29379.41796875 29441.562729779413 17
180 0.1 29366.06640625 0.0 29468.53125 29366.06640625 29438.110243055555 18
190 0.1 29352.45703125 0.0 29468.53125 29352.45703125 29434.318462171053 19
200 0.1 29336.2734375 0.0 29468.53125 29336.2734375 29430.225390625 20
210 0.1 29332.625 0.0 29468.53125 29332.625 29425.751488095237 21
220 0.1 29317.26953125 0.0 29468.53125 29317.26953125 29421.518465909092 22
230 0.1 29316.1796875 0.0 29468.53125 29316.1796875 29416.985903532608 23
240 0.1 29315.17578125 0.0 29468.53125 29315.17578125 29412.78564453125 24
250 0.1 29313.3046875 0.0 29468.53125 29313.3046875 29408.88125 25
260 0.1 29313.234375 0.0 29468.53125 29313.234375 29405.205228365383 26
270 0.1 29316.0390625 0.0 29468.53125 29313.234375 29401.798900462964 27
280 0.1 29315.203125 0.0 29468.53125 29313.234375 29398.73604910714 28
290 0.1 29346.31640625 0.0 29468.53125 29313.234375 29395.855603448275 29
300 0.1 29376.9609375 0.0 29468.53125 29313.234375 29394.204296875 30
310 0.1 29384.60546875 0.0 29468.53125 29313.234375 29393.648059475807 31
320 0.1 29383.14453125 0.0 29468.53125 29313.234375 29393.365478515625 32
