0 0.1 0.0 0 0.0 0.0 0 0
10 0.1 0.0 0.0 0.0 0.0 0.0 1
20 0.1 0.0 0.0 0.0 0.0 0.0 2
30 0.1 0.0 0.0 0.0 0.0 0.0 3
40 0.1 0.0 0.0 0.0 0.0 0.0 4
50 0.1 0.0 0.0 0.0 0.0 0.0 5
60 0.1 0.0 0.0 0.0 0.0 0.0 6
70 0.1 0.0 0.0 0.0 0.0 0.0 7
80 0.1 0.0 0.0 0.0 0.0 0.0 8
90 0.1 0.0 0.0 0.0 0.0 0.0 9
100 0.1 0.0 0.0 0.0 0.0 0.0 10
110 0.1 0.0 0.0 0.0 0.0 0.0 11
120 0.1 0.0 0.0 0.0 0.0 0.0 12
130 0.1 0.0 0.0 0.0 0.0 0.0 13
140 0.1 0.0 0.0 0.0 0.0 0.0 14
150 0.1 0.0 0.0 0.0 0.0 0.0 15
160 0.1 0.0 0.0 0.0 0.0 0.0 16
170 0.1 0.0 0.0 0.0 0.0 0.0 17
180 0.1 0.0 0.0 0.0 0.0 0.0 18
190 0.1 0.078125 0.0 0.078125 0.0 0.0 19
200 0.1 0.2890625 0.0 0.2890625 0.0 0.00390625 20
210 0.1 0.23828125 0.0 0.2890625 0.0 0.017485119047619048 21
220 0.1 0.28125 0.0 0.2890625 0.0 0.02752130681818182 22
230 0.1 0.23828125 0.0 0.2890625 0.0 0.038552989130434784 23
240 0.1 0.28125 0.0 0.2890625 0.0 0.046875 24
250 0.1 0.30859375 0.0 0.30859375 0.0 0.05625 25
260 0.1 0.26953125 0.0 0.30859375 0.0 0.06595552884615384 26
270 0.1 0.21875 0.0 0.30859375 0.0 0.07349537037037036 27
280 0.1 0.19140625 0.0 0.30859375 0.0 0.07868303571428571 28
290 0.1 0.16015625 0.0 0.30859375 0.0 0.08257004310344827 29
300 0.1 0.140625 0.0 0.30859375 0.0 0.08515625 30
310 0.1 0.12109375 0.0 0.30859375 0.0 0.08694556451612903 31
320 0.1 0.1015625 0.0 0.30859375 0.0 0.0880126953125 32
