0 1.8 35.143513997395836 34.09604619708548 88.316162109375 7.580078125 0 0
10 6.8 49.45656810087315 85.38918194445442 560.875 6.142822265625 35.143513997395836 18
20 9.4 31.977697494182166 32.41116685511874 560.875 6.142822265625 46.46081259084301 86
30 10.1 33.60417311262376 32.6577643444898 560.875 6.142822265625 38.897408040364574 180
40 11.7 31.271557408520298 32.87631831120825 560.875 6.142822265625 36.99485740797375 281
50 13 31.64373497596154 31.38876110850581 560.875 6.142822265625 35.31237976994346 398
60 15.1 33.529146510244225 46.204522227092454 560.875 6.142822265625 34.409114953243375 528
70 28 32.58538905552455 31.929989515363808 560.875 5.652099609375 34.213422412900414 679
80 30.9 37.29121235967841 48.361027914826074 560.875 5.652099609375 33.73808420636732 959
90 43.8 31.072653017087617 31.137297163730683 560.875 5.652099609375 34.60394903237136 1268
100 57.2 33.97474766444493 35.48346100298413 560.875 5.652099609375 33.69732086432079 1706
110 54.2 32.00001711687036 33.071558366930695 560.875 5.652099609375 33.76698202747751 2278
120 76.8 35.050405502319336 35.55104357787904 560.875 5.652099609375 33.42737387799202 2820
130 92.3 37.89844093860043 35.39340109279936 560.875 5.652099609375 33.77477864038984 3588
140 112.3 54.34227559063339 50.83653625704149 560.875 5.652099609375 34.618525104865206 4511
150 135 77.85805483217591 72.8752831236286 583.633056640625 5.652099609375 38.54997199792834 5634
160 149.1 117.96438232258132 73.1470883239585 583.633056640625 5.652099609375 46.148183885991656 6984
170 147 87.44321936782531 64.57585904417546 583.633056640625 5.652099609375 58.78275047819876 8475
180 153.5 273.1671518729638 139.7514508189143 1143.220947265625 0.760009765625 63.01913954484039 9945
190 225.2 456.15091207988695 309.6412248799771 1583.728759765625 0.635009765625 91.11819868453286 11480
200 290 361.0037712991656 315.6199093989711 1583.728759765625 0.6240234375 150.98228771499728 13732
210 313.2 336.1332471513794 301.3755095948386 1583.728759765625 0.619140625 187.60219526634938 16632
220 340.5 310.15103621741935 296.2853245539672 1583.728759765625 0.615966796875 211.13990294211916 19764
230 388.8 271.4961139066715 274.6299757025707 1583.728759765625 0.615966796875 225.69093703087555 23169
240 384.5 261.72451679839884 278.10617182176713 1583.728759765625 0.60205078125 232.2729870620355 27057
250 396.2 265.83842974320555 281.7279192173997 1583.728759765625 0.60205078125 235.93751142409351 30902
260 246 396.0352009098703 242.5674998935442 1583.728759765625 0.60205078125 239.33549898663142 34864
270 150.1 80.83699050893135 107.14283529395367 1583.728759765625 0.60205078125 249.6634720530543 37324
280 103.8 36.59057358464293 39.26392079038271 1583.728759765625 0.60205078125 243.13652939245603 38825
290 89.3 43.17883341790314 46.1106645892013 1583.728759765625 0.60205078125 237.75824120219164 39863
300 70.4 33.36323894153942 34.75999143095484 1583.728759765625 0.60205078125 233.49483431360173 40756
310 81.6 35.72127039292277 36.17922957576301 1583.728759765625 0.60205078125 230.0965554148576 41460
320 77.4 35.83731497042548 36.15476190111324 1583.728759765625 0.60205078125 226.34477585723866 42276
