10 0.1 354 0 354 354 0 0
20 0.1 561.0 0.0 561 354 354.0 1
30 0.1 826.0 0.0 826 354 457.5 2
40 0.1 947.0 0.0 947 354 580.3333333333334 3
50 0.1 1054.0 0.0 1054 354 672.0 4
60 0.1 1093.0 0.0 1093 354 748.4 5
70 0.1 1413.0 0.0 1413 354 805.8333333333334 6
80 0.1 2394.0 0.0 2394 354 892.5714285714286 7
90 0.1 2590.0 0.0 2590 354 1080.25 8
100 0.1 3867.0 0.0 3867 354 1248.0 9
110 0.1 5129.0 0.0 5129 354 1509.9 10
120 0.1 5051.0 0.0 5129 354 1838.909090909091 11
130 0.1 6509.0 0.0 6509 354 2106.5833333333335 12
140 0.1 8588.0 0.0 8588 354 2445.230769230769 13
150 0.1 10117.0 0.0 10117 354 2884.0 14
160 0.1 12475.0 0.0 12475 354 3366.2 15
170 0.1 13609.0 0.0 13609 354 3935.5 16
180 0.1 12963.0 0.0 13609 354 4504.529411764706 17
190 0.1 14106.0 0.0 14106 354 4974.444444444444 18
200 0.1 15571.0 0.0 15571 354 5455.0526315789475 19
210 0.1 16612.0 0.0 16612 354 5960.85 20
220 0.1 17034.0 0.0 17034 354 6468.047619047619 21
230 0.1 18143.0 0.0 18143 354 6948.318181818182 22
240 0.1 18608.0 0.0 18608 354 7435.04347826087 23
250 0.1 18727.0 0.0 18727 354 7900.583333333333 24
260 0.1 17731.0 0.0 18727 354 8333.64 25
270 0.1 15301.0 0.0 18727 354 8695.076923076924 26
280 0.1 9889.0 0.0 18727 354 8939.740740740743 27
290 0.1 8472.0 0.0 18727 354 8973.642857142859 28
300 0.1 7909.0 0.0 18727 354 8956.344827586208 29
310 0.1 6276.0 0.0 18727 354 8921.433333333332 30
320 0.1 7185.0 0.0 18727 354 8836.09677419355 31
