0 1.8 35.143513997395836 34.09604619708548 88.316162109375 7.580078125 0 0
10 7 48.04100864955357 83.99491396560926 560.875 6.142822265625 35.143513997395836 18
20 10 30.055549316406236 30.39834115528955 560.875 6.142822265625 45.40288474343039 88
30 10.7 31.716568706191588 30.645646713160563 560.875 6.142822265625 37.2394084524601 188
40 12.3 29.74319185086382 31.175407278950725 560.875 6.142822265625 35.23620895127118 295
50 13.6 30.245144114774817 29.669936358557262 560.875 6.142822265625 33.61984267531399 418
60 16.1 31.44322138247284 43.920028648590524 560.875 6.142822265625 32.791396819297155 554
70 28.7 31.78914926774827 31.103010518484407 560.875 5.652099609375 32.48782165100525 715
80 32.4 35.561976303288944 46.67056758176432 560.875 5.652099609375 32.28770291448354 1002
90 45.2 30.10811648748617 29.75549408421224 560.875 5.652099609375 33.08775161582061 1326
100 60.4 32.17136206216371 33.0835271661164 560.875 5.652099609375 32.330274069134916 1778
110 56.6 30.64044987439267 31.273200361841262 560.875 5.652099609375 32.28997900103643 2382
120 80 33.64586425781247 33.90140717608658 560.875 5.652099609375 31.973278361389088 2948
130 95.4 36.66474476300442 33.95030331127504 560.875 5.652099609375 32.330287090614995 3748
140 118.6 51.45215523062027 45.812172534994104 560.875 5.652099609375 33.20971555072973 4702
150 139.8 75.18258645162726 66.50763814939953 560.875 5.652099609375 36.884228706359856 5888
160 155.3 113.25234535349935 62.609217019072524 560.875 5.652099609375 44.23271952819404 7286
170 153 84.15608037811467 57.65665156438621 560.875 5.652099609375 56.35937174074061 8839
180 159.2 265.20355546654173 124.9248767850717 671.136962890625 0.760009765625 60.46092099478462 10369
190 233.1 439.9140688889223 287.441274430102 902.182861328125 0.06787109375 87.71200987356042 11961
200 302.3 347.27227647928436 291.7339901593999 924.39208984375 0.06787109375 145.15554468777876 14292
210 327.5 320.9927707538174 275.7868723864027 924.39208984375 0.06787109375 180.44280314609358 17315
220 355.6 296.61990030329474 273.4578069843711 924.39208984375 0.05908203125 202.79837108758437 20590
230 404.1 260.9923868120329 258.3838153728275 924.39208984375 0.05908203125 216.6155398895005 24146
240 400 251.7260855102539 262.7152882263413 924.39208984375 0.05908203125 222.97758049027226 28187
250 411 256.39810467276845 267.2325757360455 924.39208984375 0.05908203125 226.5502657383515 32187
260 261 373.2864101599916 209.83063777299375 924.39208984375 0.05908203125 229.93001111732093 36297
270 156.4 76.48433488226289 92.63848778920183 924.39208984375 0.05908203125 239.5467947681131 38907
280 108.6 34.97041694542762 36.39290246867815 924.39208984375 0.05908203125 233.24525323809235 40471
290 95.9 40.369300754773846 41.82902094746984 924.39208984375 0.05908203125 228.06378026810333 41557
300 73.4 31.77946917042742 32.420764571293546 924.39208984375 0.05908203125 223.8301033969658 42516
310 85.3 34.1690497806455 34.04946418867162 924.39208984375 0.05908203125 220.57079321147958 43250
320 81.2 34.15741507995304 34.14730944962965 924.39208984375 0.05908203125 216.96558070560692 44103
