10 0.1 233 0 233 233 0 0
20 0.1 369.0 0.0 369 233 233.0 1
30 0.1 570.0 0.0 570 233 301.0 2
40 0.1 645.0 0.0 645 233 390.6666666666667 3
50 0.1 722.0 0.0 722 233 454.25 4
60 0.1 754.0 0.0 754 233 507.8 5
70 0.1 969.0 0.0 969 233 548.8333333333334 6
80 0.1 1612.0 0.0 1612 233 608.8571428571429 7
90 0.1 1738.0 0.0 1738 233 734.25 8
100 0.1 2604.0 0.0 2604 233 845.7777777777778 9
110 0.1 3373.0 0.0 3373 233 1021.6 10
120 0.1 3427.0 0.0 3427 233 1235.3636363636363 11
130 0.1 4552.0 0.0 4552 233 1418.0 12
140 0.1 5885.0 0.0 5885 233 1659.076923076923 13
150 0.1 6921.0 0.0 6921 233 1960.9285714285713 14
160 0.1 8466.0 0.0 8466 233 2291.6 15
170 0.1 8954.0 0.0 8954 233 2677.5 16
180 0.1 8735.0 0.0 8954 233 3046.705882352941 17
190 0.1 9709.0 0.0 9709 233 3362.722222222222 18
200 0.1 11817.0 0.0 11817 233 3696.7368421052633 19
210 0.1 13366.0 0.0 13366 233 4102.75 20
220 0.1 13930.0 0.0 13930 233 4543.857142857143 21
230 0.1 15224.0 0.0 15224 233 4970.5 22
240 0.1 16362.0 0.0 16362 233 5416.304347826087 23
250 0.1 16496.0 0.0 16496 233 5872.375 24
260 0.1 14954.0 0.0 16496 233 6297.32 25
270 0.1 11075.0 0.0 16496 233 6630.2692307692305 26
280 0.1 7203.0 0.0 16496 233 6794.888888888889 27
290 0.1 5862.0 0.0 16496 233 6809.464285714285 28
300 0.1 5322.0 0.0 16496 233 6776.793103448276 29
310 0.1 4367.0 0.0 16496 233 6728.3 30
320 0.1 4811.0 0.0 16496 233 6652.129032258064 31
