10 0.1 6524.22314453125 0 6524.22314453125 6524.22314453125 0 0
20 1.2 12232.505635579428 6546.774804097869 26924.23095703125 3672.85205078125 6524.22314453125 1
30 1 11309.710131835938 8919.040517749512 29319.130126953125 939.942138671875 11793.406982421875 13
40 1.6 14214.143814086914 8166.189025454221 30773.598876953125 531.924072265625 11583.10400390625 23
50 1.7 11731.23991842831 7643.988191331908 30773.598876953125 438.948974609375 12662.504951672676 39
60 1.6 11320.458694458008 6121.884813364068 30773.598876953125 438.948974609375 12379.799495152065 56
70 2.4 12610.486389160156 8312.252740067968 30773.598876953125 298.97607421875 12144.390428331164 72
80 3 13884.432649739583 8304.70193984705 46817.623046875 298.97607421875 12260.914418538412 96
90 4.1 16343.651831650155 9116.507549717577 46817.623046875 298.97607421875 12647.466378348214 126
100 6.6 12385.142156427557 8198.170087713359 46817.623046875 216.9609375 13554.91310640438 167
110 7.1 12376.410898987677 8537.41601198951 46817.623046875 216.9609375 13223.561678513948 233
120 8.8 13261.141526655718 8705.998639375306 46817.623046875 216.9609375 13025.70738461143 304
130 9.4 12166.010770757153 8159.442811960158 46817.623046875 216.9609375 13078.55994711117 392
140 13.3 14305.98673380228 8937.672130045645 46817.623046875 216.9609375 12902.058666087964 486
150 14.5 13844.569642376078 9672.542129952299 53166.10009765625 216.9609375 13203.710415693786 619
160 16.7 15199.429819072791 8875.84503807912 53166.10009765625 216.9609375 13325.339457407048 764
170 17.3 15762.43733770999 8674.029451745499 53166.10009765625 216.9609375 13661.508190380388 931
180 17.8 15115.208605819873 9306.6125832233 53166.10009765625 216.9609375 13990.729877416637 1104
190 20.4 16615.068586760885 11358.727042289176 74521.16088867188 216.9609375 14146.858749223016 1282
200 29.3 15196.94204618174 9195.841239208563 74521.16088867188 216.9609375 14485.697784793489 1486
210 36.7 16631.808018323198 9165.176374125444 74521.16088867188 216.9609375 14602.839194904089 1779
220 40.7 16875.194956786512 9813.943242677815 74521.16088867188 216.9609375 14949.825009533546 2146
230 45.4 17527.767858295178 11328.35017432327 74521.16088867188 179.94091796875 15256.76804460286 2553
240 46.6 17263.10804846767 9655.450849273499 74521.16088867188 179.94091796875 15599.645967920555 3007
250 47 17744.337580514457 9556.903076068837 74521.16088867188 179.94091796875 15822.845890044067 3473
260 41.3 20241.614431607504 9003.872757805308 74521.16088867188 179.94091796875 16051.88497057186 3943
270 30.4 23411.25095487896 9713.094724399418 74521.16088867188 179.94091796875 16449.12056915031 4356
280 19.5 22382.7682053786 12897.850110445665 74521.16088867188 179.94091796875 16903.302465558358 4660
290 12.6 18126.838586232017 11983.647756561482 74521.16088867188 179.94091796875 17123.383993728276 4855
300 10.2 14793.658124138326 9838.527746905693 74521.16088867188 179.94091796875 17148.76750680908 4981
310 9 15705.364388020833 10353.741571716637 74521.16088867188 179.94091796875 17101.507786755486 5083
320 11.3 17243.344558040633 10393.725617958391 74521.16088867188 179.94091796875 17077.21764450029 5173
