0 7.85625 7.85625
10 39.353125 47.209375
20 58.15546875 105.36484375
30 57.98828125 163.353125
40 66.140625 229.49375
50 77.91171875 307.40546875
60 85.91953125 393.325
70 153.68046875 547.00546875
80 198.42421875 745.4296875
90 244.3140625 989.74375
100 339.85 1329.59375
110 312.26328125 1641.85703125
120 436.328125 2078.18515625
130 533.30703125 2611.4921875
140 661.87421875 3273.36640625
150 781.53984375 4054.90625
160 903.88984375 4958.79609375
170 889.33046875 5848.1265625
180 909.328125 6757.4546875
190 1202.73984375 7960.19453125
200 1601.6234375 9561.81796875
210 1695.33984375 11257.1578125
220 1851.2171875 13108.375
230 2064.88203125 15173.25703125
240 2053.725 17226.98203125
250 2195.50546875 19422.4875
260 1582.55390625 21005.04140625
270 956.6671875 21961.70859375
280 628.55546875 22590.2640625
290 563.578125 23153.8421875
300 425.13671875 23578.97890625
310 488.278125 24067.25703125
320 489.17890625 24556.4359375
