0 74.49609375 74.49609375
10 356.99140625 431.4875
20 573.0125 1004.5
30 582.4390625 1586.9390625
40 655.72578125 2242.66484375
50 722.82578125 2965.490625
60 824.8203125 3790.3109375
70 1457.64375 5247.9546875
80 1819.40234375 7067.35703125
90 2356.91015625 9424.2671875
100 3298.84375 12723.1109375
110 3101.13515625 15824.24609375
120 4257.56953125 20081.815625
130 5259.115625 25340.93125
140 6587.62734375 31928.55859375
150 7602.046875 39530.60546875
160 8589.91171875 48120.5171875
170 8207.2875 56327.8046875
180 8588.553125 64916.3578125
190 8472.26171875 73388.61953125
200 8586.21875 81974.83828125
210 8436.73203125 90411.5703125
220 8489.70703125 98901.27734375
230 8445.5078125 107346.78515625
240 8013.9484375 115360.73359375
250 8620.45703125 123981.190625
260 8372.234375 132353.425
270 6668.0359375 139021.4609375
280 5538.37109375 144559.83203125
290 5513.53515625 150073.3671875
300 3914.121875 153987.4890625
310 4830.68046875 158818.16953125
320 4372.3828125 163190.55234375
