0 2.3 23
10 2.6 49
20 6.8 117
30 9.4 211
40 10.5 316
50 12.1 437
60 16.5 602
70 21.4 816
80 23.7 1053
90 27.8 1331
100 42.6 1757
110 52.9 2286
120 59.4 2880
130 79.2 3672
140 88.7 4559
150 96 5519
160 112.9 6648
170 112.1 7769
180 119.2 8961
190 115.8 10119
200 115.3 11272
210 116.8 12440
220 117.2 13612
230 103.3 14645
240 105.7 15702
250 106.2 16764
260 104.4 17808
270 77.8 18586
280 65.8 19244
290 52.1 19765
300 64.1 20406
310 56.2 20968
320 50.7 21475
330 18.9 21664
340 3.4 21698
350 0.4 21702
357 0 21702
