0 0.6 13.201497395833334 27.518714582461985 74.735107421875 0.844970703125 0 0
10 0.9 0.8802354600694444 0.02075214815290528 74.735107421875 0.842041015625 13.201497395833334 6
20 1.5 0.848876953125 0.06874224301128687 74.735107421875 0.64501953125 5.808740234375 15
30 1.9 0.8614052220394737 0.10058812228634623 74.735107421875 0.64501953125 3.32880859375 30
40 2.4 0.8744608561197916 0.07861467061417667 74.735107421875 0.64501953125 2.3720603475765305 49
50 1.7 0.8748707490808824 0.044630750673022926 74.735107421875 0.64501953125 1.8796988709332192 73
60 3.6 0.9739854600694441 0.6656999693159169 74.735107421875 0.64501953125 1.6898980034722222 90
70 4.5 0.8035319010416667 0.06641981996001275 74.735107421875 0.60302734375 1.4853515625 126
80 3.9 0.8031600560897436 0.10230114013714693 74.735107421875 0.60302734375 1.3059253358004386 171
90 6.2 0.8383316532258065 0.12306767800038752 74.735107421875 0.60302734375 1.2125546409970238 210
100 9.4 0.867930310837766 0.5050848003903574 74.735107421875 0.60302734375 1.127253812902114 272
110 8.4 0.7714669363839283 0.07206279107140748 74.735107421875 0.552978515625 1.0606516019894126 366
120 13.5 1.0228497540509256 2.1010308450061332 74.735107421875 0.552978515625 1.0066704644097222 450
130 15.1 0.8405891064776491 0.9816779902401784 74.735107421875 0.552978515625 1.0104041466346154 585
140 15.4 0.8542512175324676 0.8709002108634011 74.735107421875 0.552978515625 0.975564376167629 736
150 19.3 0.7860619737694301 0.14537758227193287 74.735107421875 0.552978515625 0.9545731105161517 890
160 22.6 0.747216148714049 0.07305778106516796 74.735107421875 0.552978515625 0.9245429633396814 1083
170 19 0.7645918996710523 0.15074630866164673 74.735107421875 0.552978515625 0.8939273330070665 1309
180 26.6 0.7507562852443608 0.2115068633530444 74.735107421875 0.552978515625 0.8775339158397265 1499
190 41.9 0.7339613010889027 0.3477014491216999 74.735107421875 0.552978515625 0.8584274853930595 1765
200 51.3 0.7798603496588696 1.005721168815703 74.735107421875 0.549072265625 0.8345486707303115 2184
210 61.3 0.727578491410073 0.3116513169048429 74.735107421875 0.51904296875 0.8241463315721174 2697
220 59.8 0.8210637019230772 0.9743844185302116 74.735107421875 0.51904296875 0.8062623176689955 3310
230 65.8 0.7120097893712005 0.2637286616819683 74.735107421875 0.51904296875 0.8085272173066467 3908
240 57.7 0.8315108115792892 0.9809015823410033 74.735107421875 0.51904296875 0.7946182230925591 4566
250 50.5 0.727196782178218 0.29193535421411554 74.735107421875 0.51904296875 0.7987572515889315 5143
260 15.8 0.7535075899920884 0.24087056915673508 74.735107421875 0.51904296875 0.7923588739238447 5648
270 9.7 0.7703190439755153 0.09012690460543299 74.735107421875 0.51904296875 0.7913016050879478 5806
280 10.4 0.7613994891826923 0.08466965149789991 74.735107421875 0.51904296875 0.7909568128758682 5903
290 9 0.7643717447916667 0.10432191215662544 74.735107421875 0.51904296875 0.7904450829500999 6007
300 10.5 0.8211751302083334 0.4481139415872892 74.735107421875 0.51904296875 0.7900602050701164 6097
310 10.9 0.7682814291857798 0.08356687176802445 74.735107421875 0.51904296875 0.790586981455075 6202
320 5.1 0.8288143382352942 0.4182719611065933 74.735107421875 0.51904296875 0.7902017326518183 6311
330 0 0 0 74.735107421875 0.51904296875 0.7905112646990923 6362
340 0 0 0 74.735107421875 0.51904296875 0.7905112646990923 6362
350 0 0 0 74.735107421875 0.51904296875 0.7905112646990923 6362
357 0 0 0 74.735107421875 0.51904296875 0.7905112646990923 6362
