0 0.1 0.6050002390171614 0 0.6050002390171614 0.6050002390171614 0 0
10 0.1 0.33515392254220455 0.0 0.6050002390171614 0.33515392254220455 0.6050002390171614 1
20 0.1 0.16135037855281123 0.0 0.6050002390171614 0.16135037855281123 0.47007708077968297 2
30 0.1 0.2110752421157189 0.0 0.6050002390171614 0.16135037855281123 0.36716818003739243 3
40 0.1 0.29787762194365147 0.0 0.6050002390171614 0.16135037855281123 0.32814494555697404 4
50 0.1 0.2980255805289954 0.0 0.6050002390171614 0.16135037855281123 0.3220914808343095 5
60 0.1 0.298099614954664 0.0 0.6050002390171614 0.16135037855281123 0.31808049745009054 6
70 0.1 0.38514101130575223 0.0 0.6050002390171614 0.16135037855281123 0.31522608566502963 7
80 0.1 1.4906832298136645 0.0 1.4906832298136645 0.16135037855281123 0.32396545137011995 8
90 0.1 1.6383269206900832 0.0 1.6383269206900832 0.16135037855281123 0.4536007600860693 9
100 0.1 0.6947890818858561 0.0 1.6383269206900832 0.16135037855281123 0.5720733761464707 10
110 0.1 0.9191404794435474 0.0 1.6383269206900832 0.16135037855281123 0.5832293493955057 11
120 0.1 0.9814883836501429 0.0 1.6383269206900832 0.16135037855281123 0.6112219435661759 12
130 0.1 1.167846937507765 0.0 1.6383269206900832 0.16135037855281123 0.6397039774187887 13
140 0.1 1.502359076235411 0.0 1.6383269206900832 0.16135037855281123 0.6774284745680014 14
150 0.1 1.593823932262483 0.0 1.6383269206900832 0.16135037855281123 0.7324238480124953 15
160 0.1 2.0535158680771626 0.0 2.0535158680771626 0.16135037855281123 0.7862613532781195 16
170 0.1 2.2800897084475453 0.0 2.2800897084475453 0.16135037855281123 0.8608057365015926 17
180 0.1 2.2908366533864544 0.0 2.2908366533864544 0.16135037855281123 0.9396548460541455 18
190 0.1 2.468212415856395 0.0 2.468212415856395 0.16135037855281123 1.0107696780190039 19
200 0.1 2.9419097481924705 0.0 2.9419097481924705 0.16135037855281123 1.0836418149108735 20
210 0.1 3.2741814546363406 0.0 3.2741814546363406 0.16135037855281123 1.1721307641147591 21
220 0.1 3.672599649034846 0.0 3.672599649034846 0.16135037855281123 1.267678522774831 22
230 0.1 4.130679684566279 0.0 4.130679684566279 0.16135037855281123 1.3722403108730925 23
240 0.1 4.018585960065302 0.0 4.130679684566279 0.16135037855281123 1.4871752847769752 24
250 0.1 4.28391959798995 0.0 4.28391959798995 0.16135037855281123 1.5884317117885083 25
260 0.1 3.802852139104328 0.0 4.28391959798995 0.16135037855281123 1.6921043227962562 26
270 0.1 2.9444791016843417 0.0 4.28391959798995 0.16135037855281123 1.7702801678447033 27
280 0.1 2.1863354037267078 0.0 4.28391959798995 0.16135037855281123 1.8122158440532619 28
290 0.1 2.150403977625855 0.0 4.28391959798995 0.16135037855281123 1.8251165185247602 29
300 0.1 1.2419274714356683 0.0 4.28391959798995 0.16135037855281123 1.83595943382813 30
310 0.1 1.2672381662318302 0.0 4.28391959798995 0.16135037855281123 1.8167971124606312 31
320 0.1 1.1812981845312112 0.0 4.28391959798995 0.16135037855281123 1.799623395390981 32
330 0.1 1.006711409395973 0.0 4.28391959798995 0.16135037855281123 1.7808862677891697 33
340 0.1 0.44714942243199607 0.0 4.28391959798995 0.16135037855281123 1.7581164190128993 34
350 0.1 0.17382666997765084 0.0 4.28391959798995 0.16135037855281123 1.720660219110588 35
357 0.1 0.11175959269837327 0.0 4.28391959798995 0.11175959269837327 1.677692620523562 36
