0 0.1 29464.80078125 0 29464.80078125 29464.80078125 0 0
10 0.1 29461.84765625 0.0 29464.80078125 29461.84765625 29464.80078125 1
20 0.1 29460.984375 0.0 29464.80078125 29460.984375 29463.32421875 2
30 0.1 29456.171875 0.0 29464.80078125 29456.171875 29462.544270833332 3
40 0.1 29454.0390625 0.0 29464.80078125 29454.0390625 29460.951171875 4
50 0.1 29451.1484375 0.0 29464.80078125 29451.1484375 29459.56875 5
60 0.1 29445.51953125 0.0 29464.80078125 29445.51953125 29458.165364583332 6
70 0.1 29442.67578125 0.0 29464.80078125 29442.67578125 29456.358816964286 7
80 0.1 29436.71484375 0.0 29464.80078125 29436.71484375 29454.6484375 8
90 0.1 29435.03125 0.0 29464.80078125 29435.03125 29452.655815972223 9
100 0.1 29426.83984375 0.0 29464.80078125 29426.83984375 29450.893359375 10
110 0.1 29421.09765625 0.0 29464.80078125 29421.09765625 29448.706676136364 11
120 0.1 29413.78125 0.0 29464.80078125 29413.78125 29446.405924479168 12
130 0.1 29413.54296875 0.0 29464.80078125 29413.54296875 29443.896334134617 13
140 0.1 29396.26171875 0.0 29464.80078125 29396.26171875 29441.72823660714 14
150 0.1 29381.9609375 0.0 29464.80078125 29381.9609375 29438.697135416667 15
160 0.1 29364.8828125 0.0 29464.80078125 29364.8828125 29435.151123046875 16
170 0.1 29365.1015625 0.0 29464.80078125 29364.8828125 29431.017693014706 17
180 0.1 29358.70703125 0.0 29464.80078125 29358.70703125 29427.35568576389 18
190 0.1 29351.5625 0.0 29464.80078125 29351.5625 29423.74259868421 19
200 0.1 29342.2578125 0.0 29464.80078125 29342.2578125 29420.13359375 20
210 0.1 29321.375 0.0 29464.80078125 29321.375 29416.425223214286 21
220 0.1 29313.09375 0.0 29464.80078125 29313.09375 29412.104758522728 22
230 0.1 29308.40234375 0.0 29464.80078125 29308.40234375 29407.799932065216 23
240 0.1 29298.50390625 0.0 29464.80078125 29298.50390625 29403.658365885418 24
250 0.1 29286.18359375 0.0 29464.80078125 29286.18359375 29399.4521875 25
260 0.1 29282.0546875 0.0 29464.80078125 29282.0546875 29395.095703125 26
270 0.1 29281.2734375 0.0 29464.80078125 29281.2734375 29390.90899884259 27
280 0.1 29296.91796875 0.0 29464.80078125 29281.2734375 29386.99344308036 28
290 0.1 29344.16015625 0.0 29464.80078125 29281.2734375 29383.88739224138 29
300 0.1 29347.0234375 0.0 29464.80078125 29281.2734375 29382.563151041668 30
310 0.1 29353.3046875 0.0 29464.80078125 29281.2734375 29381.416708669356 31
320 0.1 29362.0546875 0.0 29464.80078125 29281.2734375 29380.538208007813 32
330 0.1 29362.58203125 0.0 29464.80078125 29281.2734375 29379.978101325756 33
340 0.1 29376.7109375 0.0 29464.80078125 29281.2734375 29379.46645220588 34
350 0.1 29380.1796875 0.0 29464.80078125 29281.2734375 29379.387723214284 35
357 0.1 29381.32421875 0.0 29464.80078125 29281.2734375 29379.409722222223 36
