0 0.1 0.0 0 0.0 0.0 0 0
10 0.1 0.26953125 0.0 0.26953125 0.0 0.0 1
20 0.1 0.23046875 0.0 0.26953125 0.0 0.134765625 2
30 0.1 0.19921875 0.0 0.26953125 0.0 0.16666666666666666 3
40 0.1 0.171875 0.0 0.26953125 0.0 0.1748046875 4
50 0.1 0.140625 0.0 0.26953125 0.0 0.17421875 5
60 0.1 0.12109375 0.0 0.26953125 0.0 0.16861979166666666 6
70 0.1 0.1015625 0.0 0.26953125 0.0 0.16183035714285715 7
80 0.1 0.171875 0.0 0.26953125 0.0 0.154296875 8
90 0.1 0.140625 0.0 0.26953125 0.0 0.15625 9
100 0.1 0.12109375 0.0 0.26953125 0.0 0.1546875 10
110 0.1 0.1015625 0.0 0.26953125 0.0 0.15163352272727273 11
120 0.1 0.08984375 0.0 0.26953125 0.0 0.1474609375 12
130 0.1 0.0703125 0.0 0.26953125 0.0 0.14302884615384615 13
140 0.1 0.05859375 0.0 0.26953125 0.0 0.13783482142857142 14
150 0.1 0.05078125 0.0 0.26953125 0.0 0.13255208333333332 15
160 0.1 0.0390625 0.0 0.26953125 0.0 0.12744140625 16
170 0.1 0.12109375 0.0 0.26953125 0.0 0.12224264705882353 17
180 0.1 0.1015625 0.0 0.26953125 0.0 0.12217881944444445 18
190 0.1 0.16015625 0.0 0.26953125 0.0 0.12109375 19
200 0.1 0.2109375 0.0 0.26953125 0.0 0.123046875 20
210 0.1 0.1796875 0.0 0.26953125 0.0 0.12723214285714285 21
220 0.1 0.1484375 0.0 0.26953125 0.0 0.12961647727272727 22
230 0.1 0.19921875 0.0 0.26953125 0.0 0.13043478260869565 23
240 0.1 0.171875 0.0 0.26953125 0.0 0.13330078125 24
250 0.1 0.140625 0.0 0.26953125 0.0 0.13484375 25
260 0.1 0.12109375 0.0 0.26953125 0.0 0.13506610576923078 26
270 0.1 0.1796875 0.0 0.26953125 0.0 0.13454861111111113 27
280 0.1 0.1484375 0.0 0.26953125 0.0 0.1361607142857143 28
290 0.1 0.12890625 0.0 0.26953125 0.0 0.13658405172413796 29
300 0.1 0.1796875 0.0 0.26953125 0.0 0.13632812500000002 30
310 0.1 0.1484375 0.0 0.26953125 0.0 0.13772681451612906 31
320 0.1 0.12890625 0.0 0.26953125 0.0 0.13806152343750003 32
330 0.1 0.19140625 0.0 0.26953125 0.0 0.13778409090909094 33
340 0.1 0.16015625 0.0 0.26953125 0.0 0.13936121323529416 34
350 0.1 0.140625 0.0 0.26953125 0.0 0.1399553571428572 35
357 0.1 0.12109375 0.0 0.26953125 0.0 0.13997395833333337 36
