0 2.5 42.605253906250006 35.81566949798293 151.02783203125 7.64697265625 0 0
10 2.8 28.756208147321427 26.348186856841092 151.02783203125 7.45703125 42.605253906250006 25
20 8.1 41.20359218267748 53.90769370493474 390.287109375 6.722900390625 35.288776901533026 53
30 11.7 35.432103866185905 53.08492621088479 499.510986328125 6.47412109375 38.86415031774722 134
40 14.3 29.485793747268357 29.65515980164996 499.510986328125 6.47412109375 37.264351772597124 251
50 16.2 36.14348988474151 42.31104199292415 499.510986328125 6.12109375 34.44116954513009 394
60 21.6 30.145077175564236 30.153772968624505 499.510986328125 6.12109375 34.937169356311834 556
70 27.9 31.11853771141349 31.076314984362572 499.510986328125 5.869140625 33.59637672542908 772
80 31.2 36.23507220928489 50.97490890475092 531.2119140625 5.869140625 32.938605950062424 1051
90 37.9 31.277299302234493 32.80315986154672 531.2119140625 5.869140625 33.693189569194786 1363
100 54.7 32.98030628713437 33.891362478272576 531.2119140625 5.869140625 33.167573948541545 1742
110 68.4 37.661881296258215 36.70740115759376 531.2119140625 5.869140625 33.12282278611703 2289
120 77.8 34.765290169605585 36.20954743576277 531.2119140625 5.869140625 34.16712686312227 2973
130 103.1 38.72590538047101 34.53219713550958 531.2119140625 5.869140625 34.29119272621052 3751
140 118.4 48.64272782609269 43.817377499861074 531.2119140625 5.869140625 35.24731751636998 4782
150 132 51.76436453154593 47.60181824489024 531.2119140625 5.869140625 37.905742894632084 5966
160 152.8 68.41102320486338 53.43365023157171 531.2119140625 5.869140625 40.41650058893983 7286
170 152.4 287.0848890089298 119.19736122633775 875.38720703125 5.869140625 45.269646783304616 8814
180 162.8 202.97108658174338 112.15099806997024 875.38720703125 5.869140625 80.91739578232307 10338
190 219 454.2399424095677 319.89135777310446 1629.046875 0.639892578125 97.52306255663832 11966
200 282.9 372.92498919533216 318.2680685976254 1640.051025390625 0.6298828125 152.7088471623119 14156
210 329.8 320.47946864695376 297.2935909037138 1640.051025390625 0.614990234375 189.38776772818852 16985
220 357.9 293.31741773845755 283.8732461223597 1640.051025390625 0.614990234375 210.70317618009838 20283
230 390.3 272.5946383641193 318.7741394291038 1664.903076171875 0.593994140625 223.09427376359378 23862
240 358 279.44937866892906 291.3679694636392 1664.903076171875 0.593994140625 230.05267185600695 27765
250 361.1 291.53636261975214 293.29113848072944 1664.903076171875 0.593994140625 235.69440771149462 31345
260 228.4 377.2573912398414 227.030486665664 1664.903076171875 0.593994140625 241.46295386018778 34956
270 136.5 40.067059259100276 41.087199670784216 1664.903076171875 0.593994140625 249.79148487455754 37240
280 95.2 33.37423193154216 35.84506947754535 1664.903076171875 0.593994140625 242.37602467600556 38605
290 75.4 32.23546068105527 34.53015868681975 1664.903076171875 0.593994140625 237.34607531956476 39557
300 86.1 38.19701836527294 37.89547770721139 1664.903076171875 0.593994140625 233.50956906972138 40311
310 77.1 34.89599007731435 34.90687662005708 1664.903076171875 0.593994140625 229.42514018221215 41172
320 72.8 37.9447765979138 39.776186543640705 1664.903076171875 0.593994140625 225.8492878413954 41943
330 33.1 27.38417113151436 30.223095105823177 1664.903076171875 0.593994140625 222.64349270687185 42671
340 8.8 18.3779990456321 24.346891575767486 1664.903076171875 0.593994140625 221.1405199278978 43002
350 1.2 9.947408040364584 3.1754224940701263 1664.903076171875 0.593994140625 220.72643076944712 43090
357 0.3 7.523681640625 0.05277655527584056 1664.903076171875 0.593994140625 220.66774791777553 43102
