10 0.1 421 0 421 421 0 0
20 0.1 282.0 0.0 421 282 421.0 1
30 0.1 703.0 0.0 703 282 351.5 2
40 0.1 1077.0 0.0 1077 282 468.6666666666667 3
50 0.1 1157.0 0.0 1157 282 620.75 4
60 0.1 1419.0 0.0 1419 282 728.0 5
70 0.1 1869.0 0.0 1869 282 843.1666666666666 6
80 0.1 2419.0 0.0 2419 282 989.7142857142857 7
90 0.1 3182.0 0.0 3182 282 1168.375 8
100 0.1 3148.0 0.0 3182 282 1392.111111111111 9
110 0.1 5040.0 0.0 5040 282 1567.7 10
120 0.1 6230.0 0.0 6230 282 1883.3636363636363 11
130 0.1 6817.0 0.0 6817 282 2245.5833333333335 12
140 0.1 9045.0 0.0 9045 282 2597.230769230769 13
150 0.1 10884.0 0.0 10884 282 3057.785714285714 14
160 0.1 11580.0 0.0 11580 282 3579.5333333333333 15
170 0.1 13534.0 0.0 13534 282 4079.5625 16
180 0.1 13944.0 0.0 13944 282 4635.705882352941 17
190 0.1 14591.0 0.0 14591 282 5152.833333333333 18
200 0.1 15018.0 0.0 15018 282 5649.578947368421 19
210 0.1 16726.0 0.0 16726 282 6118.0 20
220 0.1 17256.0 0.0 17256 282 6623.142857142857 21
230 0.1 18268.0 0.0 18268 282 7106.454545454545 22
240 0.1 17313.0 0.0 18268 282 7591.739130434783 23
250 0.1 18161.0 0.0 18268 282 7996.791666666667 24
260 0.1 16646.0 0.0 18268 282 8403.36 25
270 0.1 15399.0 0.0 18268 282 8720.384615384615 26
280 0.1 9020.0 0.0 18268 282 8967.74074074074 27
290 0.1 8072.0 0.0 18268 282 8969.607142857143 28
300 0.1 7.7e3 0.0 18268 282 8938.655172413793 29
310 0.1 7356.0 0.0 18268 282 8897.366666666667 30
320 0.1 6979.0 0.0 18268 282 8847.645161290322 31
330 0.1 5541.0 0.0 18268 282 8789.25 32
340 0.1 1802.0 0.0 18268 282 8690.818181818182 33
350 0.1 273.0 0.0 18268 273 8488.20588235294 34
357 0.1 29.0 0.0 18268 29 8253.485714285714 35
