0 2.7 39.4397876880787 33.75494592040403 135.0908203125 7.64697265625 0 0
10 2.8 28.756208147321427 26.348186856841092 135.0908203125 7.45703125 39.4397876880787 27
20 8.9 37.49066779318818 50.898920833276314 390.287109375 6.722900390625 34.000874467329545 55
30 12.3 33.6989031535823 51.125208172428756 499.510986328125 6.47412109375 36.15776062011717 144
40 14.7 28.680280412946427 28.707968064655333 499.510986328125 6.47412109375 35.02502852879212 267
50 16.6 35.26994158273722 41.405238053464785 499.510986328125 6.12109375 32.77218318331068 414
60 22.4 29.064453125 28.872470325551284 499.510986328125 6.12109375 33.48705886314655 580
70 29.1 29.831395309815303 29.508514136162933 499.510986328125 5.869140625 32.25489010027985 804
80 32.6 35.0854125227665 49.43175343357443 531.2119140625 5.869140625 31.6108380600742 1095
90 39.5 29.66763498813292 30.64328608604564 531.2119140625 5.869140625 32.40796070246525 1421
100 56.9 31.70162711788775 32.29388011572895 531.2119140625 5.869140625 31.811909679799353 1816
110 72 35.77450018988711 34.50150405962298 531.2119140625 5.869140625 31.785599081171384 2385
120 81.4 33.223527538102736 34.24859331093257 531.2119140625 5.869140625 32.710561657105465 3105
130 105.6 37.9842152451024 33.29060194066492 531.2119140625 5.869140625 32.817107772729806 3919
140 123.6 46.4412425019594 40.429559352702036 531.2119140625 5.869140625 33.9138847558103 4975
150 135.7 50.35042329702471 43.96286388348314 531.2119140625 5.869140625 36.406851133887955 6211
160 156.9 66.62117933148107 48.481990585059876 531.2119140625 5.869140625 38.90703974717767 7568
170 158.6 276.17757843902643 95.82375750969486 536.179931640625 5.869140625 43.66609468947515 9137
180 167.9 196.6885396697252 101.24558530542234 536.179931640625 5.869140625 78.05602411470953 10723
190 227 439.25427730072937 294.15681238063377 973.635986328125 0.072998046875 94.11665898141422 12402
200 294 358.0893500710825 294.833172051238 973.635986328125 0.072998046875 147.51513182661907 14672
210 342 309.57980143229133 282.3710501659077 973.635986328125 0.046142578125 182.6666308976344 17612
220 373.5 281.08765929603743 268.27510000177296 973.635986328125 0.046142578125 203.30389997468492 21032
230 406.8 261.0899212892546 301.9149956681023 1318.547119140625 0.046142578125 215.03411926104388 24767
240 375.1 266.8838472501073 271.12867518655855 1318.547119140625 0.046142578125 221.531605047441 28835
250 377.3 278.9922458012739 276.0482033010683 1318.547119140625 0.046142578125 226.7521371932153 32586
260 239.7 359.0237976507091 202.0199212471305 1318.547119140625 0.046142578125 232.17313143888228 36359
270 141 38.75298405640513 38.672839388099916 1318.547119140625 0.046142578125 240.01865334283906 38756
280 99.6 31.895586006133925 33.506521332792204 1318.547119140625 0.046142578125 232.95335947006427 40166
290 78.7 30.87985272146999 32.6130442532551 1318.547119140625 0.046142578125 228.08834945184176 41162
300 90.7 36.25514687198526 35.33634830329593 1318.547119140625 0.046142578125 224.3885452389451 41949
310 79.5 33.839684674724836 33.3754740407775 1318.547119140625 0.046142578125 220.40690924121242 42856
320 76.5 36.10500344669118 37.64565707559171 1318.547119140625 0.046142578125 217.00902732486782 43651
330 34.8 26.04138674681214 27.96397671225082 1318.547119140625 0.046142578125 213.89322269890408 44416
340 9.2 17.574683147927985 22.04525893292783 1318.547119140625 0.046142578125 212.43284295376674 44764
350 1.2 9.947408040364584 3.1754224940701263 1318.547119140625 0.046142578125 212.03318737364063 44856
357 0.3 7.523681640625 0.05277655527584056 1318.547119140625 0.046142578125 211.97913929144397 44868
