10 0.1 272 0 272 272 0 0
20 0.1 210.0 0.0 272 210 272.0 1
30 0.1 423.0 0.0 423 210 241.0 2
40 0.1 676.0 0.0 676 210 301.6666666666667 3
50 0.1 763.0 0.0 763 210 395.25 4
60 0.1 840.0 0.0 840 210 468.8 5
70 0.1 1265.0 0.0 1265 210 530.6666666666666 6
80 0.1 1575.0 0.0 1575 210 635.5714285714286 7
90 0.1 2077.0 0.0 2077 210 753.0 8
100 0.1 2147.0 0.0 2147 210 900.1111111111111 9
110 0.1 3392.0 0.0 3392 210 1024.8 10
120 0.1 3953.0 0.0 3953 210 1240.0 11
130 0.1 4667.0 0.0 4667 210 1466.0833333333333 12
140 0.1 6068.0 0.0 6068 210 1712.3076923076924 13
150 0.1 7240.0 0.0 7240 210 2023.4285714285713 14
160 0.1 7978.0 0.0 7978 210 2371.2 15
170 0.1 9092.0 0.0 9092 210 2721.625 16
180 0.1 9104.0 0.0 9104 210 3096.3529411764707 17
190 0.1 9932.0 0.0 9932 210 3430.1111111111113 18
200 0.1 11324.0 0.0 11324 210 3772.315789473684 19
210 0.1 13233.0 0.0 13233 210 4149.9 20
220 0.1 14229.0 0.0 14229 210 4582.428571428572 21
230 0.1 15420.0 0.0 15420 210 5020.909090909091 22
240 0.1 15337.0 0.0 15420 210 5473.04347826087 23
250 0.1 15480.0 0.0 15480 210 5884.041666666667 24
260 0.1 13627.0 0.0 15480 210 6267.88 25
270 0.1 10806.0 0.0 15480 210 6550.923076923077 26
280 0.1 6452.0 0.0 15480 210 6708.518518518518 27
290 0.1 5432.0 0.0 15480 210 6699.357142857143 28
300 0.1 4941.0 0.0 15480 210 6655.6551724137935 29
310 0.1 4904.0 0.0 15480 210 6598.5 30
320 0.1 4671.0 0.0 15480 210 6543.8387096774195 31
330 0.1 3574.0 0.0 15480 210 6485.3125 32
340 0.1 1269.0 0.0 15480 210 6397.090909090909 33
350 0.1 232.0 0.0 15480 210 6246.264705882353 34
357 0.1 35.0 0.0 15480 35 6074.428571428572 35
