0 0.1 6914.90478515625 0 6914.90478515625 6914.90478515625 0 0
10 0.6 6799.4406331380205 5126.964285376043 12974.93505859375 1092.94189453125 6914.90478515625 1
20 0.8 9419.60629272461 4468.774813732865 18323.6728515625 1092.94189453125 6815.935511997768 7
30 1.4 10760.463169642857 7560.554810403615 28823.941162109375 1092.94189453125 8204.559928385417 15
40 1.3 13081.487774188701 7656.070762677287 28881.754150390625 1092.94189453125 9438.444251751078 29
50 1.5 11597.592171223958 7062.980213710146 28881.754150390625 400.914794921875 10566.052961077008 42
60 2.8 14785.399536132809 10459.51943465243 44067.666015625 400.914794921875 10837.510647957784 57
70 2.8 15097.39147077288 9956.048844072537 44067.666015625 400.914794921875 12137.991693474263 85
80 4 13600.380279541016 8693.711576948537 44067.666015625 400.914794921875 12871.294293158877 113
90 3.9 14206.57708583734 8264.881841673621 44067.666015625 400.914794921875 13061.9050085529 153
100 6.2 11702.300143334174 8580.78651042897 44067.666015625 400.914794921875 13294.416524251303 192
110 7.3 11753.628832673372 6958.524088875884 44067.666015625 400.914794921875 12905.78969111405 254
120 9.9 13911.15159899779 8594.192580151992 44067.666015625 400.914794921875 12648.57946889335 327
130 8.6 12008.653161337204 7926.860183142319 44067.666015625 210.9140625 12941.994118847198 426
140 15 13498.897812500001 8761.032779308305 44271.5390625 210.9140625 12785.222004890442 512
150 15.3 16104.363075405943 10027.858080859472 61014.823974609375 210.9140625 12946.93102474155 662
160 17.8 13445.677553326896 8642.23521755254 61014.823974609375 210.9140625 13539.675937320264 815
170 16.4 15978.05376750667 9120.88672518721 61014.823974609375 210.9140625 13522.82627734965 993
180 20.1 16534.46553001594 9454.10328799686 61014.823974609375 210.9140625 13870.8446942777 1157
190 21.5 14831.308450672239 9152.489985345566 61014.823974609375 210.9140625 14265.09196083395 1358
200 29.4 15794.884085518974 10212.164998436865 61014.823974609375 210.9140625 14342.483280169761 1573
210 35.2 15863.37221665816 9477.55557903324 61014.823974609375 210.9140625 14571.195565532733 1867
220 40.8 18062.808086918834 10166.955748499922 61014.823974609375 210.9140625 14776.173565170475 2219
230 47.1 16900.221316845786 10068.114061381437 61014.823974609375 210.9140625 15286.621560934973 2627
240 44.5 17001.227036516873 10023.345846061418 62826.885986328125 210.9140625 15531.942892450143 3098
250 47.2 18394.129492290926 10631.697711204484 62826.885986328125 210.9140625 15716.484649184462 3543
260 40.1 20767.644603091863 9211.363012436686 62826.885986328125 210.9140625 16031.266309445045 4015
270 27.4 22424.43099819656 9373.077238945438 62826.885986328125 210.9140625 16461.35863185274 4416
280 14.9 21921.59509523123 11556.90213323289 62826.885986328125 210.9140625 16809.73428822336 4690
290 12 18461.465484619148 11366.66222270601 62826.885986328125 210.9140625 16967.136077899777 4839
300 9.4 16275.853245511968 12101.503251755823 62826.885986328125 210.9140625 17003.296499115007 4959
310 10.4 15575.507570706883 7778.588777280679 62826.885986328125 210.9140625 16989.76401032841 5053
320 8.5 14583.660756548714 8516.800555583111 62826.885986328125 210.9140625 16961.243035009302 5157
330 8.2 20097.06895781726 7585.047009500032 62826.885986328125 210.9140625 16922.690098407023 5242
340 3 26743.182047526043 7062.226306646907 62826.885986328125 210.9140625 16971.581733732277 5324
350 0.8 31409.656677246094 3178.4242376442066 62826.885986328125 210.9140625 17026.334817298546 5354
357 0.3 43714.86238606771 2440.98985410036 62826.885986328125 210.9140625 17047.794454538303 5362
