0 12.3046875 12.3046875
10 11.95625 24.2609375
20 44.9328125 69.19375
30 67.071875 136.265625
40 80.77890625 217.04453125
50 97.34921875 314.39375
60 122.0234375 436.4171875
70 159.58828125 596.00546875
80 187.6640625 783.66953125
90 215.7890625 999.45859375
100 305.021875 1304.48046875
110 411.2359375 1715.71640625
120 443.8921875 2159.60859375
130 584.1203125 2743.72890625
140 707.9546875 3451.68359375
150 763.83984375 4215.5234375
160 891.15 5106.6734375
170 930.73828125 6037.41171875
180 946.6921875 6984.10390625
190 1191.4265625 8175.53046875
200 1540.2703125 9715.80078125
210 1791.340625 11507.14140625
220 1951.75546875 13458.896875
230 2063.6953125 15522.5921875
240 1913.83125 17436.4234375
250 2019.384375 19455.8078125
260 1453.24609375 20909.05390625
270 872.95546875 21782.009375
280 589.7234375 22371.7328125
290 460.4234375 22832.15625
300 524.55625 23356.7125
310 453.31484375 23810.02734375
320 472.7359375 24282.76328125
330 238.8234375 24521.58671875
340 64.99453125 24586.58125
350 8.1703125 24594.7515625
357 2.10859375 24596.86015625
