0 147.3078125 147.3078125
10 151.959375 299.2671875
20 485.3328125 784.6
30 654.11796875 1438.71796875
40 725.7890625 2164.50703125
50 951.47578125 3115.9828125
60 1157.8109375 4273.79375
70 1558.0078125 5831.8015625
80 1801.49609375 7633.29765625
90 1964.8484375 9598.14609375
100 3080.06875 12678.21484375
110 4159.6875 16837.90234375
120 4253.9234375 21091.82578125
130 5887.075 26978.90078125
140 6840.02734375 33818.928125
150 7044.8125 40863.740625
160 8485.11953125 49348.86015625
170 8799.33984375 58148.2
180 8721.675 66869.875
190 8547.3421875 75417.2171875
200 8334.6828125 83751.9
210 8420.35 92172.25
220 8823.3375 100995.5875
230 7620.4453125 108616.0328125
240 7876.78671875 116492.81953125
250 8208.4234375 124701.24296875
260 8742.2578125 133443.50078125
270 6369.38046875 139812.88125
280 5182.5359375 144995.4171875
290 4080.91796875 149076.33515625
300 5097.8109375 154174.14609375
310 4275.04375 158449.18984375
320 4263.8875 162713.07734375
330 1865.1546875 164578.23203125
340 324.6625 164902.89453125
350 36.35078125 164939.2453125
357 0.23203125 164939.47734375
